0.371698113208 WV_max
got ET
2016-02-27 00:00:00 0.0 2.201422281858494 11.150943396226417
2016-02-27 00:00:00 -7.777777777777779 7.777777777777779 0.36690371364308233 0.37169811320754725 20.0
0.36690371364308233 0.37169811320754725
2016-02-27 00:00:00 2.564329412187824 6.876387555479532 7.868843984025737 0.36690371364308233 0.37169811320754725 20.0
2016-02-28 00:00:00 0.0 2.166574593928625 11.150943396226417
2016-02-28 00:00:00 -1.9444444444444446 13.88888888888889 0.36109576565477086 0.37169811320754725 20.0
0.36109576565477086 0.37169811320754725
2016-02-28 00:00:00 -3.2508155217441157 -0.33699963459795157 0.43840236327346105 0.36109576565477086 0.37169811320754725 20.0
2016-02-29 00:00:00 0.0 2.1524090797798534 11.150943396226417
2016-02-29 00:00:00 10.277777777777779 16.111111111111114 0.35873484662997557 0.37169811320754725 20.0
0.35873484662997557 0.37169811320754725
2016-02-29 00:00:00 1.7669454177084702 2.328415446839614 2.5488363050252687 0.35873484662997557 0.37169811320754725 20.0
2016-03-01 00:00:00 0.0 2.123765862842073 11.150943396226417
2016-03-01 00:00:00 1.666666666666666 18.88888888888889 0.3539609771403455 0.37169811320754725 20.0
0.3539609771403455 0.37169811320754725
2016-03-01 00:00:00 -0.8610901413707026 1.1689659140735387 1.6717315772510588 0.3539609771403455 0.37169811320754725 20.0
2016-03-02 00:00:00 0.0 2.1087801021681924 11.150943396226417
2016-03-02 00:00:00 1.666666666666666 18.88888888888889 0.3514633503613654 0.37169811320754725 20.0
0.3514633503613654 0.37169811320754725
2016-03-02 00:00:00 -3.3460160603843434 -1.435767870551409 -0.925868258285945 0.3514633503613654 0.37169811320754725 20.0
2016-03-03 00:00:00 0.0 2.083889297504892 11.150943396226417
2016-03-03 00:00:00 -6.666666666666667 10.000000000000002 0.34731488291748197 0.37169811320754725 20.0
0.34731488291748197 0.37169811320754725
2016-03-03 00:00:00 -9.760649576179496 -6.535732042580705 -5.708016825101183 0.34731488291748197 0.37169811320754725 20.0
2016-03-04 00:00:00 0.0 2.0327055373387237 11.150943396226417
2016-03-04 00:00:00 -6.388888888888889 8.333333333333332 0.33878425622312064 0.37169811320754725 20.0
0.33878425622312064 0.37169811320754725
2016-03-04 00:00:00 -12.922338511161037 -10.059912212705676 -9.293143316976241 0.33878425622312064 0.37169811320754725 20.0
2016-03-05 00:00:00 0.0 1.9719737054006954 11.150943396226417
2016-03-05 00:00:00 -5.833333333333334 15.0 0.32866228423344923 0.37169811320754725 20.0
0.32866228423344923 0.37169811320754725
2016-03-05 00:00:00 -13.927760948722444 -11.417348977032205 -10.748312086379777 0.32866228423344923 0.37169811320754725 20.0
2016-03-06 00:00:00 0.0 1.9183100455598732 11.150943396226417
2016-03-06 00:00:00 -4.444444444444445 10.0 0.31971834092664553 0.37169811320754725 20.0
0.31971834092664553 0.37169811320754725
2016-03-06 00:00:00 -14.627571156367587 -12.41558479595463 -11.799055348784108 0.31971834092664553 0.37169811320754725 20.0
2016-03-07 00:00:00 0.0 1.829079791267385 11.150943396226417
2016-03-07 00:00:00 1.1111111111111112 11.11111111111111 0.3048466318778975 0.37169811320754725 20.0
0.3048466318778975 0.37169811320754725
2016-03-07 00:00:00 -11.399179247283726 -10.307833731071 -9.967804591448136 0.3048466318778975 0.37169811320754725 20.0
2016-03-08 00:00:00 0.0 1.7966623266038038 11.150943396226417
2016-03-08 00:00:00 7.222222222222223 16.666666666666668 0.29944372110063394 0.37169811320754725 20.0
0.29944372110063394 0.37169811320754725
2016-03-08 00:00:00 -6.00965756695075 -5.990089265327406 -5.933749022131451 0.29944372110063394 0.37169811320754725 20.0
2016-03-09 00:00:00 0.0 1.7812779397040799 11.150943396226417
2016-03-09 00:00:00 9.166666666666666 19.444444444444446 0.29687965661734667 0.37169811320754725 20.0
0.29687965661734667 0.37169811320754725
2016-03-09 00:00:00 -2.555407035440254 -2.650524118284956 -2.648358626559144 0.29687965661734667 0.37169811320754725 20.0
2016-03-10 00:00:00 0.0 1.7055147693693082 11.150943396226417
2016-03-10 00:00:00 16.944444444444443 16.11111111111111 0.2842524615615514 0.37169811320754725 20.0
0.2842524615615514 0.37169811320754725
2016-03-10 00:00:00 3.5747297219286622 2.2667131564909297 1.991777722313941 0.2842524615615514 0.37169811320754725 20.0
2016-03-11 00:00:00 0.60996094 2.23018867925 11.1509433962
2016-03-11 00:00:00 9.166666666666668 15.000000000000002 0.371698113208 0.371698113208 20.0
0.371698113208 0.371698113208
2016-03-11 00:00:00 2.1311467859848108 2.533169083133771 2.6133843060458872 0.371698113208 0.371698113208 20.0
2016-03-12 00:00:00 0.0 2.2081308032544156 11.1509433962
2016-03-12 00:00:00 0.2777777777777781 11.666666666666668 0.3680218005424026 0.371698113208 20.0
0.3680218005424026 0.371698113208
2016-03-12 00:00:00 -4.122553084102549 -2.2492246575189654 -1.794397688876927 0.3680218005424026 0.371698113208 20.0
2016-03-13 00:00:00 0.0 2.1840759611846705 11.1509433962
2016-03-13 00:00:00 8.333333333333334 21.11111111111111 0.3640126601974451 0.371698113208 20.0
0.3640126601974451 0.371698113208
2016-03-13 00:00:00 -1.9302533680653795 -1.647214387488802 -1.5422957637307775 0.3640126601974451 0.371698113208 20.0
2016-03-14 00:00:00 0.040014649999999985 2.1808028422246712 11.1509433962
2016-03-14 00:00:00 6.9444444444444455 17.222222222222225 0.36346714037077854 0.371698113208 20.0
0.36346714037077854 0.371698113208
2016-03-14 00:00:00 -1.8636237950545578 -1.2394167755172347 -1.0654698129736033 0.36346714037077854 0.371698113208 20.0
2016-03-15 00:00:00 0.0 2.131417361641957 11.1509433962
2016-03-15 00:00:00 5.833333333333334 5.0 0.3552362269403262 0.371698113208 20.0
0.3552362269403262 0.371698113208
2016-03-15 00:00:00 -3.048728337732186 -2.183354237252189 -1.935008069336412 0.3552362269403262 0.371698113208 20.0
2016-03-16 00:00:00 0.0 2.1116550803135175 11.1509433962
2016-03-16 00:00:00 8.333333333333334 7.777777777777779 0.35194251338558624 0.371698113208 20.0
0.35194251338558624 0.371698113208
2016-03-16 00:00:00 -1.3829444010174825 -1.0565369539255585 -0.9529272612156205 0.35194251338558624 0.371698113208 20.0
2016-03-17 00:00:00 0.00998534999999999 2.073320662152936 11.1509433962
2016-03-17 00:00:00 8.61111111111111 18.333333333333336 0.34555344369215596 0.371698113208 20.0
0.34555344369215596 0.371698113208
2016-03-17 00:00:00 -0.17576444003258018 0.10561856441221806 0.17377149329185215 0.34555344369215596 0.371698113208 20.0
2016-03-18 00:00:00 0.0 2.0270058079780835 11.1509433962
2016-03-18 00:00:00 7.5 15.0 0.33783430132968056 0.371698113208 20.0
0.33783430132968056 0.371698113208
2016-03-18 00:00:00 -1.093534849753766 -0.49391418573020474 -0.3304101965105346 0.33783430132968056 0.371698113208 20.0
2016-03-19 00:00:00 0.0 1.9968985277386206 11.1509433962
2016-03-19 00:00:00 -1.3888888888888893 13.88888888888889 0.3328164212897701 0.371698113208 20.0
0.3328164212897701 0.371698113208
2016-03-19 00:00:00 -6.576848498664468 -4.476267237608951 -3.965074052726287 0.3328164212897701 0.371698113208 20.0
2016-03-20 00:00:00 0.0 1.9475378501387137 11.1509433962
2016-03-20 00:00:00 -3.6111111111111107 15.0 0.3245896416897856 0.371698113208 20.0
0.3245896416897856 0.371698113208
2016-03-20 00:00:00 -10.872953742940716 -8.587835204951844 -7.999245050033473 0.3245896416897856 0.371698113208 20.0
2016-03-21 00:00:00 0.0 1.9182114186854857 11.1509433962
2016-03-21 00:00:00 -1.1111111111111112 16.666666666666668 0.3197019031142476 0.371698113208 20.0
0.3197019031142476 0.371698113208
2016-03-21 00:00:00 -11.326208135364723 -9.702021581886449 -9.254091355383828 0.3197019031142476 0.371698113208 20.0
2016-03-22 00:00:00 0.0 1.8527333620162505 11.1509433962
2016-03-22 00:00:00 -1.3888888888888893 12.777777777777779 0.30878889366937506 0.371698113208 20.0
0.30878889366937506 0.371698113208
2016-03-22 00:00:00 -12.046402226313667 -10.41109770694296 -9.9625346100689 0.30878889366937506 0.371698113208 20.0
2016-03-23 00:00:00 0.0 1.8256769641460675 11.1509433962
2016-03-23 00:00:00 3.8888888888888893 18.88888888888889 0.30427949402434457 0.371698113208 20.0
0.30427949402434457 0.371698113208
2016-03-23 00:00:00 -8.836575108714293 -8.301207022361574 -8.123686395258481 0.30427949402434457 0.371698113208 20.0
2016-03-24 00:00:00 0.0 1.745903767032572 11.1509433962
2016-03-24 00:00:00 5.833333333333333 9.444444444444445 0.29098396117209535 0.371698113208 20.0
0.29098396117209535 0.371698113208
2016-03-24 00:00:00 -6.955404036782426 -6.580140931212426 -6.436094214320512 0.29098396117209535 0.371698113208 20.0
2016-03-25 00:00:00 0.040014649999999985 1.7170586260543201 11.1509433962
2016-03-25 00:00:00 11.944444444444446 22.77777777777778 0.28617643767572004 0.371698113208 20.0
0.28617643767572004 0.371698113208
2016-03-25 00:00:00 -1.04214189763249 -1.8394118131139052 -2.0202958823305437 0.28617643767572004 0.371698113208 20.0
2016-03-26 00:00:00 0.0 1.6903726479509185 11.1509433962
2016-03-26 00:00:00 5.833333333333334 15.0 0.2817287746584864 0.371698113208 20.0
0.2817287746584864 0.371698113208
2016-03-26 00:00:00 -3.348097853154954 -2.6085539850795882 -2.4268342497421855 0.2817287746584864 0.371698113208 20.0
2016-03-27 00:00:00 0.0 1.6561099257609915 11.1509433962
2016-03-27 00:00:00 6.111111111111111 16.666666666666668 0.27601832096016526 0.371698113208 20.0
0.27601832096016526 0.371698113208
2016-03-27 00:00:00 -3.816178511278835 -3.2051096790859788 -3.0411643183789394 0.27601832096016526 0.371698113208 20.0
2016-03-28 00:00:00 0.0 1.5878840327046366 11.1509433962
2016-03-28 00:00:00 10.555555555555555 14.444444444444445 0.2646473387841061 0.371698113208 20.0
0.2646473387841061 0.371698113208
2016-03-28 00:00:00 -1.2163820290591119 -1.4343893920950919 -1.45097020385667 0.2646473387841061 0.371698113208 20.0
2016-03-29 00:00:00 0.07004395 1.6014301025207813 11.1509433962
2016-03-29 00:00:00 7.222222222222223 16.666666666666668 0.26690501708679687 0.371698113208 20.0
0.26690501708679687 0.371698113208
2016-03-29 00:00:00 -1.6913144449983406 -1.1638536600089182 -1.040758852404025 0.26690501708679687 0.371698113208 20.0
2016-03-30 00:00:00 0.0 1.5523004123731796 11.1509433962
2016-03-30 00:00:00 -0.8333333333333335 12.777777777777779 0.2587167353955299 0.371698113208 20.0
0.2587167353955299 0.371698113208
2016-03-30 00:00:00 -7.747040356195583 -5.613577194890588 -5.095991168699506 0.2587167353955299 0.371698113208 20.0
2016-03-31 00:00:00 0.0 1.5201592301063969 11.1509433962
2016-03-31 00:00:00 6.388888888888888 21.666666666666664 0.2533598716843995 0.371698113208 20.0
0.2533598716843995 0.371698113208
2016-03-31 00:00:00 -5.255862878682407 -4.872032207691035 -4.736013743060738 0.2533598716843995 0.371698113208 20.0
2016-04-01 00:00:00 0.0 1.5028894615907 11.1509433962
2016-04-01 00:00:00 14.166666666666668 12.777777777777779 0.25048157693178336 0.371698113208 20.0
0.25048157693178336 0.371698113208
2016-04-01 00:00:00 0.40204375003848725 -0.5705616973547336 -0.740156681250113 0.25048157693178336 0.371698113208 20.0
2016-04-02 00:00:00 0.0 1.4936687557651456 11.1509433962
2016-04-02 00:00:00 10.555555555555557 15.555555555555557 0.24894479262752425 0.371698113208 20.0
0.24894479262752425 0.371698113208
2016-04-02 00:00:00 1.4653468530210603 1.4345415312616723 1.4105086080514724 0.24894479262752425 0.371698113208 20.0
2016-04-03 00:00:00 0.25009766 1.7181446868966843 11.1509433962
2016-04-03 00:00:00 1.9444444444444442 18.333333333333332 0.28635744781611405 0.371698113208 20.0
0.28635744781611405 0.371698113208
2016-04-03 00:00:00 -3.9752876301997517 -2.3429007353915665 -1.9665456642123615 0.28635744781611405 0.371698113208 20.0
2016-04-04 00:00:00 0.06003417999999999 1.742245197839553 11.1509433962
2016-04-04 00:00:00 -3.888888888888889 6.666666666666667 0.2903741996399255 0.371698113208 20.0
0.2903741996399255 0.371698113208
2016-04-04 00:00:00 -10.958332690912457 -8.349315443813389 -7.680094181481337 0.2903741996399255 0.371698113208 20.0
2016-04-05 00:00:00 0.0 1.7007336514119178 11.1509433962
2016-04-05 00:00:00 -8.333333333333334 16.666666666666668 0.283455608568653 0.371698113208 20.0
0.283455608568653 0.371698113208
2016-04-05 00:00:00 -15.776180503047797 -12.758554974889712 -12.007431153661294 0.283455608568653 0.371698113208 20.0
2016-04-06 00:00:00 0.0 1.6855292704068152 11.1509433962
2016-04-06 00:00:00 -7.222222222222222 15.555555555555555 0.28092154506780254 0.371698113208 20.0
0.28092154506780254 0.371698113208
2016-04-06 00:00:00 -18.38156156007234 -15.78707542535573 -15.08852942802644 0.28092154506780254 0.371698113208 20.0
2016-04-07 00:00:00 0.0 1.6635880064091588 11.1509433962
2016-04-07 00:00:00 1.9444444444444446 15.0 0.2772646677348598 0.371698113208 20.0
0.2772646677348598 0.371698113208
2016-04-07 00:00:00 -13.534215464925154 -12.927887928464912 -12.6874926847156 0.2772646677348598 0.371698113208 20.0
2016-04-08 00:00:00 0.25009766 1.8741263820393763 11.1509433962
2016-04-08 00:00:00 4.722222222222222 12.777777777777777 0.3123543970065627 0.371698113208 20.0
0.3123543970065627 0.371698113208
2016-04-08 00:00:00 -9.500287935313104 -9.27936030706742 -9.174727107148392 0.3123543970065627 0.371698113208 20.0
2016-04-09 00:00:00 0.0 1.8423286414309223 11.1509433962
2016-04-09 00:00:00 -1.388888888888889 9.444444444444445 0.30705477357182037 0.371698113208 20.0
0.30705477357182037 0.371698113208
2016-04-09 00:00:00 -11.752582941573081 -10.260612893892493 -9.882527282526397 0.30705477357182037 0.371698113208 20.0
2016-04-10 00:00:00 0.0 1.7958245685859402 11.1509433962
2016-04-10 00:00:00 -1.388888888888889 9.444444444444445 0.29930409476432335 0.371698113208 20.0
0.29930409476432335 0.371698113208
2016-04-10 00:00:00 -13.062509526335724 -11.647735187552499 -11.266011753796121 0.29930409476432335 0.371698113208 20.0
2016-04-11 00:00:00 0.0 1.7152599845213217 11.1509433962
2016-04-11 00:00:00 1.3888888888888893 13.88888888888889 0.28587666408688694 0.371698113208 20.0
0.28587666408688694 0.371698113208
2016-04-11 00:00:00 -11.620017835000205 -10.802457961014326 -10.565235977462038 0.28587666408688694 0.371698113208 20.0
2016-04-12 00:00:00 0.31992188 1.942162826272475 11.1509433962
2016-04-12 00:00:00 6.111111111111112 13.333333333333334 0.32369380437874584 0.371698113208 20.0
0.32369380437874584 0.371698113208
2016-04-12 00:00:00 -8.213319963335636 -8.202611652467908 -8.15344983264989 0.32369380437874584 0.371698113208 20.0
2016-04-13 00:00:00 0.0 1.8083412345375889 11.1509433962
2016-04-13 00:00:00 1.3888888888888893 13.88888888888889 0.3013902057562648 0.371698113208 20.0
0.3013902057562648 0.371698113208
2016-04-13 00:00:00 -9.34342345998897 -8.33252811266317 -8.082470241743515 0.3013902057562648 0.371698113208 20.0
2016-04-14 00:00:00 0.0 1.6757303951077616 11.1509433962
2016-04-14 00:00:00 2.5 13.88888888888889 0.27928839918462695 0.371698113208 20.0
0.27928839918462695 0.371698113208
2016-04-14 00:00:00 -9.643142918249211 -8.831241564436802 -8.603878774406589 0.27928839918462695 0.371698113208 20.0
2016-04-15 00:00:00 0.0 1.5576640281095304 11.1509433962
2016-04-15 00:00:00 5.555555555555555 17.77777777777778 0.2596106713515884 0.371698113208 20.0
0.2596106713515884 0.371698113208
2016-04-15 00:00:00 -7.398240607468949 -7.191270111232548 -7.113310595108146 0.2596106713515884 0.371698113208 20.0
2016-04-16 00:00:00 0.0 1.456252675816935 11.1509433962
2016-04-16 00:00:00 10.277777777777779 19.444444444444443 0.2427087793028225 0.371698113208 20.0
0.2427087793028225 0.371698113208
2016-04-16 00:00:00 -3.3225919632705256 -3.939262064016475 -4.059075581306232 0.2427087793028225 0.371698113208 20.0
2016-04-17 00:00:00 0.0 1.405601938463039 11.1509433962
2016-04-17 00:00:00 10.833333333333332 22.77777777777778 0.23426698974383983 0.371698113208 20.0
0.23426698974383983 0.371698113208
2016-04-17 00:00:00 -0.8715212152569478 -1.3731484337205657 -1.4959916520108436 0.23426698974383983 0.371698113208 20.0
2016-04-18 00:00:00 0.0 1.3372452802139465 11.1509433962
2016-04-18 00:00:00 11.111111111111112 24.444444444444446 0.22287421336899108 0.371698113208 20.0
0.22287421336899108 0.371698113208
2016-04-18 00:00:00 0.2898025394642616 -0.08310109135640431 -0.17598458383177729 0.22287421336899108 0.371698113208 20.0
2016-04-19 00:00:00 0.0 1.2712989703280375 11.1509433962
2016-04-19 00:00:00 13.88888888888889 20.0 0.21188316172133959 0.371698113208 20.0
0.21188316172133959 0.371698113208
2016-04-19 00:00:00 2.555074592483116 1.7619553690672092 1.5894562975805542 0.21188316172133959 0.371698113208 20.0
2016-04-20 00:00:00 0.0 1.2396598704519763 11.1509433962
2016-04-20 00:00:00 5.0 18.88888888888889 0.20660997840866271 0.371698113208 20.0
0.20660997840866271 0.371698113208
2016-04-20 00:00:00 -2.0487597116379277 -0.8034924003041723 -0.5368028831583018 0.20660997840866271 0.371698113208 20.0
2016-04-21 00:00:00 0.0 1.2183507778165876 11.1509433962
2016-04-21 00:00:00 9.444444444444445 18.88888888888889 0.20305846296943128 0.371698113208 20.0
0.20305846296943128 0.371698113208
2016-04-21 00:00:00 -1.3085373939215614 -1.2031003476507465 -1.143541352622421 0.20305846296943128 0.371698113208 20.0
2016-04-22 00:00:00 0.0 1.1807211423501767 11.1509433962
2016-04-22 00:00:00 17.5 17.22222222222222 0.19678685705836277 0.371698113208 20.0
0.19678685705836277 0.371698113208
2016-04-22 00:00:00 5.093366364504462 3.5075672971242113 3.1683430745231647 0.19678685705836277 0.371698113208 20.0
2016-04-23 00:00:00 0.07004395 1.2243819834241334 11.1509433962
2016-04-23 00:00:00 11.38888888888889 16.111111111111114 0.20406366390402222 0.371698113208 20.0
0.20406366390402222 0.371698113208
2016-04-23 00:00:00 3.8240944228462155 3.9288345286198165 3.922423399426691 0.20406366390402222 0.371698113208 20.0
2016-04-24 00:00:00 0.0 1.2138631613314357 11.1509433962
2016-04-24 00:00:00 4.166666666666667 17.22222222222222 0.20231052688857262 0.371698113208 20.0
0.20231052688857262 0.371698113208
2016-04-24 00:00:00 -1.9692346098753433 -0.35325060646519546 0.010932991684512672 0.20231052688857262 0.371698113208 20.0
2016-04-25 00:00:00 0.0 1.1807636721083103 11.1509433962
2016-04-25 00:00:00 7.5 15.0 0.19679394535138506 0.371698113208 20.0
0.19679394535138506 0.371698113208
2016-04-25 00:00:00 -2.4060909841317653 -1.7264666025975188 -1.520753087686117 0.19679394535138506 0.371698113208 20.0
2016-04-26 00:00:00 0.040014649999999985 1.1822183987116888 11.1509433962
2016-04-26 00:00:00 11.11111111111111 10.0 0.19703639978528145 0.371698113208 20.0
0.19703639978528145 0.371698113208
2016-04-26 00:00:00 0.23900787912040045 0.10843777035972835 0.12265098092893822 0.19703639978528145 0.371698113208 20.0
2016-04-27 00:00:00 0.22006836 1.3829691626414216 11.1509433962
2016-04-27 00:00:00 2.7777777777777777 13.333333333333334 0.23049486044023693 0.371698113208 20.0
0.23049486044023693 0.371698113208
2016-04-27 00:00:00 -3.70883769820351 -2.0891888608839437 -1.7181762926337143 0.23049486044023693 0.371698113208 20.0
2016-04-28 00:00:00 0.0 1.333112211376084 11.1509433962
2016-04-28 00:00:00 5.277777777777779 16.11111111111111 0.22218536856268067 0.371698113208 20.0
0.22218536856268067 0.371698113208
2016-04-28 00:00:00 -4.454247210667447 -3.505866987598395 -3.2446097461120758 0.22218536856268067 0.371698113208 20.0
2016-04-29 00:00:00 0.0 1.3159273101057753 11.1509433962
2016-04-29 00:00:00 8.333333333333334 14.444444444444446 0.21932121835096255 0.371698113208 20.0
0.21932121835096255 0.371698113208
2016-04-29 00:00:00 -2.5704336734465016 -2.2839999038609022 -2.173240948909651 0.21932121835096255 0.371698113208 20.0
2016-04-30 00:00:00 0.0 1.3015671616589948 11.1509433962
2016-04-30 00:00:00 9.722222222222221 10.555555555555555 0.21692786027649913 0.371698113208 20.0
0.21692786027649913 0.371698113208
2016-04-30 00:00:00 -0.8537956981200239 -0.7627210624603933 -0.7091123227511247 0.21692786027649913 0.371698113208 20.0
2016-05-01 00:00:00 0.0 1.281882390655068 11.1509433962
2016-05-01 00:00:00 12.222222222222223 11.11111111111111 0.213647065109178 0.371698113208 20.0
0.213647065109178 0.371698113208
2016-05-01 00:00:00 1.8195033852147446 1.4589621671509718 1.3907796780852735 0.213647065109178 0.371698113208 20.0
2016-05-02 00:00:00 0.22006836 1.4784518254989185 11.1509433962
2016-05-02 00:00:00 8.88888888888889 5.555555555555556 0.2464086375831531 0.371698113208 20.0
0.2464086375831531 0.371698113208
2016-05-02 00:00:00 0.47403989520139334 0.9740487314896171 1.1022777585897217 0.2464086375831531 0.371698113208 20.0
2016-05-03 00:00:00 0.29990234000000004 1.7445225654457137 11.1509433962
2016-05-03 00:00:00 7.777777777777779 8.88888888888889 0.29075376090761895 0.371698113208 20.0
0.29075376090761895 0.371698113208
2016-05-03 00:00:00 -0.3421666513834509 0.2548379690096212 0.4046798815071213 0.29075376090761895 0.371698113208 20.0
2016-05-04 00:00:00 0.0 1.6676851831432062 11.1509433962
2016-05-04 00:00:00 9.722222222222221 9.444444444444445 0.2779475305238677 0.371698113208 20.0
0.2779475305238677 0.371698113208
2016-05-04 00:00:00 0.3302401873037155 0.5569848646317013 0.6317469542363625 0.2779475305238677 0.371698113208 20.0
2016-05-05 00:00:00 0.12998047 1.7193114724288874 11.1509433962
2016-05-05 00:00:00 10.833333333333332 12.777777777777777 0.28655191207148123 0.371698113208 20.0
0.28655191207148123 0.371698113208
2016-05-05 00:00:00 1.637014812944095 1.674360200150538 1.691956959365207 0.28655191207148123 0.371698113208 20.0
2016-05-06 00:00:00 0.0 1.6499701671060143 11.1509433962
2016-05-06 00:00:00 11.11111111111111 7.777777777777778 0.2749950278510024 0.371698113208 20.0
0.2749950278510024 0.371698113208
2016-05-06 00:00:00 1.96856090050197 2.0685772222199716 2.1109809197293146 0.2749950278510024 0.371698113208 20.0
2016-05-07 00:00:00 0.00998534999999999 1.5618295333571715 11.1509433962
2016-05-07 00:00:00 11.11111111111111 13.333333333333334 0.2603049222261952 0.371698113208 20.0
0.2603049222261952 0.371698113208
2016-05-07 00:00:00 2.7752247136811405 2.8552195566843324 2.8708188182075673 0.2603049222261952 0.371698113208 20.0
2016-05-08 00:00:00 0.0 1.447995419159524 11.1509433962
2016-05-08 00:00:00 12.5 15.0 0.24133256985992066 0.371698113208 20.0
0.24133256985992066 0.371698113208
2016-05-08 00:00:00 3.737331430698248 3.616108902596153 3.593562208327725 0.24133256985992066 0.371698113208 20.0
2016-05-09 00:00:00 0.0 1.341979311429218 11.1509433962
2016-05-09 00:00:00 8.333333333333334 12.222222222222221 0.22366321857153634 0.371698113208 20.0
0.22366321857153634 0.371698113208
2016-05-09 00:00:00 1.3128307561258978 2.133287296825081 2.328641283558241 0.22366321857153634 0.371698113208 20.0
2016-05-10 00:00:00 0.0 1.2598132001306075 11.1509433962
2016-05-10 00:00:00 6.9444444444444455 17.222222222222225 0.2099688666884346 0.371698113208 20.0
0.2099688666884346 0.371698113208
2016-05-10 00:00:00 -0.4409616068533211 0.5432910107274296 0.7811017979405932 0.2099688666884346 0.371698113208 20.0
2016-05-11 00:00:00 0.0 1.2288193539640837 11.1509433962
2016-05-11 00:00:00 9.722222222222223 19.444444444444446 0.20480322566068063 0.371698113208 20.0
0.20480322566068063 0.371698113208
2016-05-11 00:00:00 0.5231479404591255 0.844858733142118 0.9489944744480141 0.20480322566068063 0.371698113208 20.0
2016-05-12 00:00:00 0.0 1.1969718645030292 11.1509433962
2016-05-12 00:00:00 14.166666666666666 21.666666666666668 0.19949531075050486 0.371698113208 20.0
0.19949531075050486 0.371698113208
2016-05-12 00:00:00 4.217495481296588 3.625034554742129 3.5079444545425886 0.19949531075050486 0.371698113208 20.0
2016-05-13 00:00:00 0.0 1.1837430045632116 11.1509433962
2016-05-13 00:00:00 19.166666666666668 18.333333333333336 0.19729050076053525 0.371698113208 20.0
0.19729050076053525 0.371698113208
2016-05-13 00:00:00 9.054946934335462 7.64340242202438 7.328808595359256 0.19729050076053525 0.371698113208 20.0
2016-05-14 00:00:00 0.040014649999999985 1.1954233407147485 11.1509433962
2016-05-14 00:00:00 14.166666666666666 16.11111111111111 0.1992372234524581 0.371698113208 20.0
0.1992372234524581 0.371698113208
2016-05-14 00:00:00 7.931116954207667 7.8932073625189005 7.857516946243521 0.1992372234524581 0.371698113208 20.0
2016-05-15 00:00:00 0.0 1.1668370138568707 11.1509433962
2016-05-15 00:00:00 11.944444444444445 17.222222222222225 0.1944728356428118 0.371698113208 20.0
0.1944728356428118 0.371698113208
2016-05-15 00:00:00 5.856272991249398 6.271605831185795 6.358873011095248 0.1944728356428118 0.371698113208 20.0
2016-05-16 00:00:00 0.0 1.1277273977554225 11.1509433962
2016-05-16 00:00:00 4.722222222222222 9.444444444444445 0.18795456629257043 0.371698113208 20.0
0.18795456629257043 0.371698113208
2016-05-16 00:00:00 -0.4551449286155389 1.5174154499374595 1.9924390186238128 0.18795456629257043 0.371698113208 20.0
2016-05-17 00:00:00 0.0 1.0982452313700752 11.1509433962
2016-05-17 00:00:00 10.0 14.444444444444443 0.18304087189501253 0.371698113208 20.0
0.18304087189501253 0.371698113208
2016-05-17 00:00:00 1.1785226305842045 1.592243457326461 1.730622936376605 0.18304087189501253 0.371698113208 20.0
2016-05-18 00:00:00 0.0 1.0596554068078619 11.1509433962
2016-05-18 00:00:00 8.055555555555555 16.11111111111111 0.17660923446797697 0.371698113208 20.0
0.17660923446797697 0.371698113208
2016-05-18 00:00:00 0.5018587186089079 1.409209825712452 1.635482100833208 0.17660923446797697 0.371698113208 20.0
2016-05-19 00:00:00 0.0 1.039125082955459 11.1509433962
2016-05-19 00:00:00 8.611111111111112 19.444444444444446 0.17318751382590983 0.371698113208 20.0
0.17318751382590983 0.371698113208
2016-05-19 00:00:00 0.42960331451756417 1.1506901611971188 1.3411435746795917 0.17318751382590983 0.371698113208 20.0
2016-05-20 00:00:00 0.0 1.023375593262565 11.1509433962
2016-05-20 00:00:00 10.277777777777779 19.444444444444443 0.17056259887709416 0.371698113208 20.0
0.17056259887709416 0.371698113208
2016-05-20 00:00:00 1.4413267955609257 1.791397168630283 1.9044508773940976 0.17056259887709416 0.371698113208 20.0
2016-05-21 00:00:00 0.0 1.0001358385937453 11.1509433962
2016-05-21 00:00:00 14.722222222222223 19.444444444444446 0.16668930643229088 0.371698113208 20.0
0.16668930643229088 0.371698113208
2016-05-21 00:00:00 5.173808284129848 4.550617815943525 4.435915999064335 0.16668930643229088 0.371698113208 20.0
2016-05-22 00:00:00 0.0 0.9798144970445051 11.1509433962
2016-05-22 00:00:00 15.277777777777779 11.666666666666666 0.16330241617408417 0.371698113208 20.0
0.16330241617408417 0.371698113208
2016-05-22 00:00:00 6.817480068743976 6.359796698166946 6.273680445203283 0.16330241617408417 0.371698113208 20.0
2016-05-23 00:00:00 0.0 0.9647592860066054 11.1509433962
2016-05-23 00:00:00 14.444444444444445 16.666666666666668 0.16079321433443425 0.371698113208 20.0
0.16079321433443425 0.371698113208
2016-05-23 00:00:00 7.687945202162993 7.48186658842809 7.413987093053166 0.16079321433443425 0.371698113208 20.0
2016-05-24 00:00:00 0.0 0.9514542021770834 11.1509433962
2016-05-24 00:00:00 15.555555555555557 23.333333333333336 0.15857570036284724 0.371698113208 20.0
0.15857570036284724 0.371698113208
2016-05-24 00:00:00 8.792039204769424 8.388808942055249 8.278085573813698 0.15857570036284724 0.371698113208 20.0
2016-05-25 00:00:00 0.0 0.9414451513110788 11.1509433962
2016-05-25 00:00:00 16.111111111111114 22.222222222222225 0.15690752521851312 0.371698113208 20.0
0.15690752521851312 0.371698113208
2016-05-25 00:00:00 9.345425020795531 8.969714614400495 8.88123472205497 0.15690752521851312 0.371698113208 20.0
2016-05-26 00:00:00 0.0 0.9308891299514127 11.1509433962
2016-05-26 00:00:00 20.0 20.0 0.15514818832523544 0.371698113208 20.0
0.15514818832523544 0.371698113208
2016-05-26 00:00:00 12.553222509718779 11.367841063737728 11.100327122770452 0.15514818832523544 0.371698113208 20.0
2016-05-27 00:00:00 0.0 0.9244131925723788 11.1509433962
2016-05-27 00:00:00 22.5 16.111111111111114 0.1540688654287298 0.371698113208 20.0
0.1540688654287298 0.371698113208
2016-05-27 00:00:00 15.8315023857608 14.340417924476156 13.984402501448912 0.1540688654287298 0.371698113208 20.0
2016-05-28 00:00:00 0.0 0.9190489327752499 11.1509433962
2016-05-28 00:00:00 23.333333333333336 16.666666666666668 0.15317482212920833 0.371698113208 20.0
0.15317482212920833 0.371698113208
2016-05-28 00:00:00 18.151205382086147 16.722930714878515 16.353482948530626 0.15317482212920833 0.371698113208 20.0
2016-05-29 00:00:00 0.0 0.9145236441895201 11.1509433962
2016-05-29 00:00:00 26.666666666666664 15.555555555555554 0.15242060736492002 0.371698113208 20.0
0.15242060736492002 0.371698113208
2016-05-29 00:00:00 21.46990384360734 19.52301720719501 19.037877862697826 0.15242060736492002 0.371698113208 20.0
2016-05-30 00:00:00 0.18002929999999998 1.0907626187773674 11.1509433962
2016-05-30 00:00:00 25.0 14.444444444444443 0.18179376979622788 0.371698113208 20.0
0.18179376979622788 0.371698113208
2016-05-30 00:00:00 21.70537360089594 20.495199927143602 20.16123618038357 0.18179376979622788 0.371698113208 20.0
2016-05-31 00:00:00 0.0 1.066671801825517 11.1509433962
2016-05-31 00:00:00 19.72222222222222 18.333333333333336 0.17777863363758617 0.371698113208 20.0
0.17777863363758617 0.371698113208
2016-05-31 00:00:00 18.55033968871004 18.476695094400753 18.40276999721091 0.17777863363758617 0.371698113208 20.0
2016-06-01 00:00:00 0.0 1.0349240622600047 11.1509433962
2016-06-01 00:00:00 17.5 21.666666666666668 0.17248734371000077 0.371698113208 20.0
0.17248734371000077 0.371698113208
2016-06-01 00:00:00 15.569132667401306 15.849192889442293 15.886908241171227 0.17248734371000077 0.371698113208 20.0
2016-06-02 00:00:00 0.0 1.0045045751334505 11.1509433962
2016-06-02 00:00:00 20.0 17.77777777777778 0.16741742918890842 0.371698113208 20.0
0.16741742918890842 0.371698113208
2016-06-02 00:00:00 15.860024866207851 15.501926756343153 15.429478846456263 0.16741742918890842 0.371698113208 20.0
2016-06-03 00:00:00 0.0 0.9943805072826819 11.1509433962
2016-06-03 00:00:00 20.27777777777778 8.333333333333336 0.16573008454711366 0.371698113208 20.0
0.16573008454711366 0.371698113208
2016-06-03 00:00:00 16.18280969873493 15.826418414875832 15.755519188790828 0.16573008454711366 0.371698113208 20.0
2016-06-04 00:00:00 0.0 0.9800210543749469 11.1509433962
2016-06-04 00:00:00 20.833333333333336 18.333333333333332 0.1633368423958245 0.371698113208 20.0
0.1633368423958245 0.371698113208
2016-06-04 00:00:00 17.823982079999894 17.25225292280072 17.08189144749042 0.1633368423958245 0.371698113208 20.0
2016-06-05 00:00:00 0.18002929999999998 1.149412545806511 11.1509433962
2016-06-05 00:00:00 23.055555555555557 15.0 0.1915687576344185 0.371698113208 20.0
0.1915687576344185 0.371698113208
2016-06-05 00:00:00 18.95618371168655 18.10590751254493 17.903790612853527 0.1915687576344185 0.371698113208 20.0
2016-06-06 00:00:00 0.48984375 1.6263725910563114 11.1509433962
2016-06-06 00:00:00 19.444444444444443 11.11111111111111 0.27106209850938523 0.371698113208 20.0
0.27106209850938523 0.371698113208
2016-06-06 00:00:00 17.27528771250762 17.262306062275798 17.24350624500832 0.27106209850938523 0.371698113208 20.0
2016-06-07 00:00:00 0.0 1.547222735697908 11.1509433962
2016-06-07 00:00:00 18.88888888888889 15.555555555555557 0.25787045594965136 0.371698113208 20.0
0.25787045594965136 0.371698113208
2016-06-07 00:00:00 16.5252808006683 16.519776208757307 16.50222739378006 0.25787045594965136 0.371698113208 20.0
2016-06-08 00:00:00 0.07004395 1.5139086556058745 11.1509433962
2016-06-08 00:00:00 15.277777777777779 17.22222222222222 0.25231810926764575 0.371698113208 20.0
0.25231810926764575 0.371698113208
2016-06-08 00:00:00 13.76876738508141 14.410782648444538 14.551186701077185 0.25231810926764575 0.371698113208 20.0
2016-06-09 00:00:00 0.0 1.4395810131645446 11.1509433962
2016-06-09 00:00:00 10.833333333333334 9.444444444444446 0.23993016886075744 0.371698113208 20.0
0.23993016886075744 0.371698113208
2016-06-09 00:00:00 9.053738939476645 10.485676935781342 10.843176763186023 0.23993016886075744 0.371698113208 20.0
2016-06-10 00:00:00 0.0 1.3942143286623188 11.1509433962
2016-06-10 00:00:00 10.833333333333334 17.222222222222225 0.23236905477705314 0.371698113208 20.0
0.23236905477705314 0.371698113208
2016-06-10 00:00:00 7.714537625249065 8.834914376837816 9.112856317849236 0.23236905477705314 0.371698113208 20.0
2016-06-11 00:00:00 0.0 1.3595129353130444 11.1509433962
2016-06-11 00:00:00 14.444444444444445 15.555555555555554 0.22658548921884072 0.371698113208 20.0
0.22658548921884072 0.371698113208
2016-06-11 00:00:00 8.811965586843229 9.153582995873208 9.273878058043294 0.22658548921884072 0.371698113208 20.0
2016-06-12 00:00:00 0.0 1.2831550363333586 11.1509433962
2016-06-12 00:00:00 22.5 16.111111111111114 0.21385917272222643 0.371698113208 20.0
0.21385917272222643 0.371698113208
2016-06-12 00:00:00 15.00104924278412 13.728332438720074 13.456835492160053 0.21385917272222643 0.371698113208 20.0
2016-06-13 00:00:00 0.0 1.1984798821241645 11.1509433962
2016-06-13 00:00:00 14.444444444444446 10.000000000000002 0.19974664702069408 0.371698113208 20.0
0.19974664702069408 0.371698113208
2016-06-13 00:00:00 12.024913256863641 12.714502870462475 12.86013494543618 0.19974664702069408 0.371698113208 20.0
2016-06-14 00:00:00 0.0 1.1434052884173158 11.1509433962
2016-06-14 00:00:00 11.11111111111111 13.333333333333334 0.19056754806955264 0.371698113208 20.0
0.19056754806955264 0.371698113208
2016-06-14 00:00:00 8.431372729676113 9.66076934911574 9.948968839860356 0.19056754806955264 0.371698113208 20.0
2016-06-15 00:00:00 0.0 1.0927396260166664 11.1509433962
2016-06-15 00:00:00 14.166666666666668 18.333333333333336 0.18212327100277773 0.371698113208 20.0
0.18212327100277773 0.371698113208
2016-06-15 00:00:00 9.070829344132775 9.466067804202055 9.580948239836445 0.18212327100277773 0.371698113208 20.0
2016-06-16 00:00:00 0.0 1.0500555074408968 11.1509433962
2016-06-16 00:00:00 20.27777777777778 18.333333333333336 0.17500925124014946 0.371698113208 20.0
0.17500925124014946 0.371698113208
2016-06-16 00:00:00 13.561905007609639 12.656534351133217 12.474343601700795 0.17500925124014946 0.371698113208 20.0
2016-06-17 00:00:00 0.0 1.0152177033784586 11.1509433962
2016-06-17 00:00:00 20.555555555555557 17.77777777777778 0.16920295056307644 0.371698113208 20.0
0.16920295056307644 0.371698113208
2016-06-17 00:00:00 15.807026259138041 15.10030384967368 14.926393418404757 0.16920295056307644 0.371698113208 20.0
2016-06-18 00:00:00 0.0 0.9907566544564668 11.1509433962
2016-06-18 00:00:00 19.444444444444446 20.0 0.1651261090760778 0.371698113208 20.0
0.1651261090760778 0.371698113208
2016-06-18 00:00:00 15.983301848164643 15.655312154481834 15.55728857141024 0.1651261090760778 0.371698113208 20.0
2016-06-19 00:00:00 0.0 0.9737278130453205 11.1509433962
2016-06-19 00:00:00 20.27777777777778 21.66666666666667 0.16228796884088675 0.371698113208 20.0
0.16228796884088675 0.371698113208
2016-06-19 00:00:00 16.61220783965416 16.150277949126178 16.030959122302818 0.16228796884088675 0.371698113208 20.0
2016-06-20 00:00:00 0.0 0.961774602350338 11.1509433962
2016-06-20 00:00:00 23.055555555555557 19.444444444444443 0.16029576705838966 0.371698113208 20.0
0.16029576705838966 0.371698113208
2016-06-20 00:00:00 18.805672041649956 17.82409841449332 17.594770722716333 0.16029576705838966 0.371698113208 20.0
2016-06-21 00:00:00 0.0 0.9503031726537543 11.1509433962
2016-06-21 00:00:00 22.77777777777778 20.0 0.15838386210895905 0.371698113208 20.0
0.15838386210895905 0.371698113208
2016-06-21 00:00:00 19.89009517587182 19.121315024437862 18.916944252574524 0.15838386210895905 0.371698113208 20.0
2016-06-22 00:00:00 0.0 0.9390578696454532 11.1509433962
2016-06-22 00:00:00 18.333333333333336 16.666666666666668 0.15650964494090888 0.371698113208 20.0
0.15650964494090888 0.371698113208
2016-06-22 00:00:00 16.89956542361712 17.222928348729226 17.276736223871367 0.15650964494090888 0.371698113208 20.0
2016-06-23 00:00:00 0.0 0.9299395034809699 11.1509433962
2016-06-23 00:00:00 16.111111111111114 16.666666666666668 0.1549899172468283 0.371698113208 20.0
0.1549899172468283 0.371698113208
2016-06-23 00:00:00 14.203521674644833 14.875560769186364 15.026933527610083 0.1549899172468283 0.371698113208 20.0
2016-06-24 00:00:00 0.0 0.9229335805320978 11.1509433962
2016-06-24 00:00:00 16.111111111111114 22.222222222222225 0.1538222634220163 0.371698113208 20.0
0.1538222634220163 0.371698113208
2016-06-24 00:00:00 13.418728929222993 13.899491981577185 14.008212396709396 0.1538222634220163 0.371698113208 20.0
2016-06-25 00:00:00 0.0 0.9194141304638186 11.1509433962
2016-06-25 00:00:00 20.27777777777778 19.444444444444443 0.15323568841063642 0.371698113208 20.0
0.15323568841063642 0.371698113208
2016-06-25 00:00:00 15.60800484857694 15.116553090905896 15.030917444268482 0.15323568841063642 0.371698113208 20.0
2016-06-26 00:00:00 0.0 0.9166316283992497 11.1509433962
2016-06-26 00:00:00 23.055555555555557 18.333333333333332 0.15277193806654163 0.371698113208 20.0
0.15277193806654163 0.371698113208
2016-06-26 00:00:00 18.87834337368247 17.883743938004642 17.654278969271928 0.15277193806654163 0.371698113208 20.0
2016-06-27 00:00:00 0.0 0.9141625995429364 11.1509433962
2016-06-27 00:00:00 26.666666666666668 12.222222222222221 0.15236043325715606 0.371698113208 20.0
0.15236043325715606 0.371698113208
2016-06-27 00:00:00 22.502115236152406 20.95375387199762 20.59382436176378 0.15236043325715606 0.371698113208 20.0
2016-06-28 00:00:00 0.0 0.9106717144226223 11.1509433962
2016-06-28 00:00:00 23.055555555555557 13.88888888888889 0.15177861907043705 0.371698113208 20.0
0.15177861907043705 0.371698113208
2016-06-28 00:00:00 22.038858021090192 21.512351985056668 21.341772211310328 0.15177861907043705 0.371698113208 20.0
2016-06-29 00:00:00 0.0 0.9088221289454238 11.1509433962
2016-06-29 00:00:00 20.555555555555557 17.77777777777778 0.1514703548242373 0.371698113208 20.0
0.1514703548242373 0.371698113208
2016-06-29 00:00:00 19.92299784586507 19.93507824686577 19.902598975619696 0.1514703548242373 0.371698113208 20.0
2016-06-30 00:00:00 0.0 0.9072436045235057 11.1509433962
2016-06-30 00:00:00 16.944444444444446 17.22222222222222 0.1512072674205843 0.371698113208 20.0
0.1512072674205843 0.371698113208
2016-06-30 00:00:00 16.261602937930192 17.017431676870117 17.180031113368116 0.1512072674205843 0.371698113208 20.0
2016-07-01 00:00:00 0.0 0.9053547625389229 11.1509433962
2016-07-01 00:00:00 20.0 17.77777777777778 0.15089246042315382 0.371698113208 20.0
0.15089246042315382 0.371698113208
2016-07-01 00:00:00 17.048484080775296 16.913090089839088 16.896405771432555 0.15089246042315382 0.371698113208 20.0
2016-07-02 00:00:00 0.040014649999999985 0.9436238180824814 11.1509433962
2016-07-02 00:00:00 19.444444444444443 13.333333333333332 0.15727063634708024 0.371698113208 20.0
0.15727063634708024 0.371698113208
2016-07-02 00:00:00 16.893477033054722 16.940380492402724 16.960070791256413 0.15727063634708024 0.371698113208 20.0
2016-07-03 00:00:00 0.0 0.9354296550403547 11.1509433962
2016-07-03 00:00:00 16.666666666666668 17.77777777777778 0.1559049425067258 0.371698113208 20.0
0.1559049425067258 0.371698113208
2016-07-03 00:00:00 15.268795999712808 15.853652152112204 15.97422452439406 0.1559049425067258 0.371698113208 20.0
2016-07-04 00:00:00 0.0 0.9275855347877549 11.1509433962
2016-07-04 00:00:00 18.61111111111111 18.333333333333336 0.15459758913129248 0.371698113208 20.0
0.15459758913129248 0.371698113208
2016-07-04 00:00:00 15.511390336068644 15.580588619303072 15.610898059667434 0.15459758913129248 0.371698113208 20.0
2016-07-05 00:00:00 0.0 0.9226027241894655 11.1509433962
2016-07-05 00:00:00 22.5 17.222222222222225 0.15376712069824425 0.371698113208 20.0
0.15376712069824425 0.371698113208
2016-07-05 00:00:00 18.53952383627677 17.753170658427194 17.584894360100876 0.15376712069824425 0.371698113208 20.0
2016-07-06 00:00:00 0.0 0.9177742119758384 11.1509433962
2016-07-06 00:00:00 23.333333333333336 18.88888888888889 0.15296236866263974 0.371698113208 20.0
0.15296236866263974 0.371698113208
2016-07-06 00:00:00 20.641590373629782 19.835076324898353 19.630055185889262 0.15296236866263974 0.371698113208 20.0
2016-07-07 00:00:00 0.0 0.9146790858374436 11.1509433962
2016-07-07 00:00:00 26.38888888888889 17.22222222222222 0.1524465143062406 0.371698113208 20.0
0.1524465143062406 0.371698113208
2016-07-07 00:00:00 23.418863767542746 22.103631202513185 21.78713116815885 0.1524465143062406 0.371698113208 20.0
2016-07-08 00:00:00 0.0 0.9135671491089352 11.1509433962
2016-07-08 00:00:00 24.444444444444443 16.666666666666668 0.15226119151815587 0.371698113208 20.0
0.15226119151815587 0.371698113208
2016-07-08 00:00:00 23.450154765347662 22.772175017483164 22.579337286589237 0.15226119151815587 0.371698113208 20.0
2016-07-09 00:00:00 0.0 0.9104245487919609 11.1509433962
2016-07-09 00:00:00 26.111111111111114 13.333333333333332 0.15173742479866015 0.371698113208 20.0
0.15173742479866015 0.371698113208
2016-07-09 00:00:00 24.421203072182877 23.44348020506662 23.201980034022142 0.15173742479866015 0.371698113208 20.0
2016-07-10 00:00:00 0.0 0.907786282465455 11.1509433962
2016-07-10 00:00:00 23.888888888888893 14.444444444444446 0.1512977137442425 0.371698113208 20.0
0.1512977137442425 0.371698113208
2016-07-10 00:00:00 23.753092269114518 23.332773957537555 23.198610321960018 0.1512977137442425 0.371698113208 20.0
2016-07-11 00:00:00 0.0 0.9058905503129264 11.1509433962
2016-07-11 00:00:00 16.944444444444446 12.77777777777778 0.15098175838548775 0.371698113208 20.0
0.15098175838548775 0.371698113208
2016-07-11 00:00:00 18.228404432618277 19.308434234112525 19.534697714010633 0.15098175838548775 0.371698113208 20.0
2016-07-12 00:00:00 0.0 0.9044489086755743 11.1509433962
2016-07-12 00:00:00 20.555555555555557 16.666666666666664 0.15074148477926239 0.371698113208 20.0
0.15074148477926239 0.371698113208
2016-07-12 00:00:00 18.685029402046993 18.650614284794685 18.652766872791204 0.15074148477926239 0.371698113208 20.0
2016-07-13 00:00:00 0.0 0.9030950747268413 11.1509433962
2016-07-13 00:00:00 25.27777777777778 16.111111111111114 0.15051584578780688 0.371698113208 20.0
0.15051584578780688 0.371698113208
2016-07-13 00:00:00 22.307318819852156 21.24292769306041 21.004757485255013 0.15051584578780688 0.371698113208 20.0
2016-07-14 00:00:00 0.0 0.9019688392026295 11.1509433962
2016-07-14 00:00:00 27.77777777777778 13.333333333333332 0.15032813986710492 0.371698113208 20.0
0.15032813986710492 0.371698113208
2016-07-14 00:00:00 25.5624023848128 24.18683678958601 23.853622781550044 0.15032813986710492 0.371698113208 20.0
2016-07-15 00:00:00 0.0 0.9010230931571275 11.1509433962
2016-07-15 00:00:00 24.166666666666668 17.22222222222222 0.1501705155261879 0.371698113208 20.0
0.1501705155261879 0.371698113208
2016-07-15 00:00:00 24.712107821934694 24.30056369202842 24.154280235476875 0.1501705155261879 0.371698113208 20.0
2016-07-16 00:00:00 0.0 0.9003956675000002 11.1509433962
2016-07-16 00:00:00 22.77777777777778 20.0 0.15006594458333336 0.371698113208 20.0
0.15006594458333336 0.371698113208
2016-07-16 00:00:00 23.0671011585531 22.94063815870389 22.882551430821508 0.15006594458333336 0.371698113208 20.0
2016-07-17 00:00:00 0.00998534999999999 0.9098920578368346 11.1509433962
2016-07-17 00:00:00 21.11111111111111 15.555555555555555 0.1516486763061391 0.371698113208 20.0
0.1516486763061391 0.371698113208
2016-07-17 00:00:00 20.931098646171364 21.15094682231998 21.19908865953441 0.1516486763061391 0.371698113208 20.0
2016-07-18 00:00:00 0.0 0.9073710286098056 11.1509433962
2016-07-18 00:00:00 23.333333333333336 15.555555555555557 0.15122850476830094 0.371698113208 20.0
0.15122850476830094 0.371698113208
2016-07-18 00:00:00 22.005431823423663 21.599641243282946 21.50673480568547 0.15122850476830094 0.371698113208 20.0
2016-07-19 00:00:00 0.13999023 1.0450153536894633 11.1509433962
2016-07-19 00:00:00 21.38888888888889 17.22222222222222 0.17416922561491055 0.371698113208 20.0
0.17416922561491055 0.371698113208
2016-07-19 00:00:00 21.196032017511612 21.24295490948137 21.237383795186545 0.17416922561491055 0.371698113208 20.0
2016-07-20 00:00:00 0.0 1.0193961964097322 11.1509433962
2016-07-20 00:00:00 19.444444444444446 14.444444444444445 0.1698993660682887 0.371698113208 20.0
0.1698993660682887 0.371698113208
2016-07-20 00:00:00 19.09273651535281 19.527663950070746 19.6292417736106 0.1698993660682887 0.371698113208 20.0
2016-07-21 00:00:00 0.0 0.9969482052744016 11.1509433962
2016-07-21 00:00:00 20.555555555555557 23.333333333333332 0.16615803421240027 0.371698113208 20.0
0.16615803421240027 0.371698113208
2016-07-21 00:00:00 19.655022714173185 19.670434685532484 19.66033353045262 0.16615803421240027 0.371698113208 20.0
2016-07-22 00:00:00 0.0 0.9750428008010039 11.1509433962
2016-07-22 00:00:00 24.444444444444446 18.888888888888893 0.162507133466834 0.371698113208 20.0
0.162507133466834 0.371698113208
2016-07-22 00:00:00 21.813498361042633 21.064924625419167 20.909115165289478 0.162507133466834 0.371698113208 20.0
2016-07-23 00:00:00 0.0 0.9639449038449514 11.1509433962
2016-07-23 00:00:00 25.27777777777778 17.222222222222225 0.16065748397415855 0.371698113208 20.0
0.16065748397415855 0.371698113208
2016-07-23 00:00:00 23.75620301061832 22.95971391658489 22.7631622471404 0.16065748397415855 0.371698113208 20.0
2016-07-24 00:00:00 0.0 0.9525608719206036 11.1509433962
2016-07-24 00:00:00 22.5 19.444444444444443 0.1587601453201006 0.371698113208 20.0
0.1587601453201006 0.371698113208
2016-07-24 00:00:00 22.712894882932673 22.601828913762887 22.545429620045468 0.1587601453201006 0.371698113208 20.0
2016-07-25 00:00:00 0.0 0.9414025956388624 11.1509433962
2016-07-25 00:00:00 24.444444444444443 16.666666666666668 0.15690043260647707 0.371698113208 20.0
0.15690043260647707 0.371698113208
2016-07-25 00:00:00 23.23341885806849 22.694135280313972 22.569157950974272 0.15690043260647707 0.371698113208 20.0
2016-07-26 00:00:00 0.22006836 1.1518290879961222 11.1509433962
2016-07-26 00:00:00 22.5 13.88888888888889 0.19197151466602036 0.371698113208 20.0
0.19197151466602036 0.371698113208
2016-07-26 00:00:00 22.313108833162147 22.247012814273802 22.221290344835865 0.19197151466602036 0.371698113208 20.0
2016-07-27 00:00:00 0.0 1.1077442097308157 11.1509433962
2016-07-27 00:00:00 21.666666666666668 14.444444444444445 0.18462403495513593 0.371698113208 20.0
0.18462403495513593 0.371698113208
2016-07-27 00:00:00 21.45711469315792 21.498973978287324 21.49903200078144 0.18462403495513593 0.371698113208 20.0
2016-07-28 00:00:00 0.0 1.0830626469494642 11.1509433962
2016-07-28 00:00:00 23.88888888888889 16.666666666666664 0.18051044115824402 0.371698113208 20.0
0.18051044115824402 0.371698113208
2016-07-28 00:00:00 22.696015823929812 22.227719649086964 22.112717768354756 0.18051044115824402 0.371698113208 20.0
2016-07-29 00:00:00 0.0 1.0697831669267315 11.1509433962
2016-07-29 00:00:00 23.055555555555557 16.111111111111114 0.17829719448778858 0.371698113208 20.0
0.17829719448778858 0.371698113208
2016-07-29 00:00:00 22.595787630186607 22.373338956156815 22.309108804775036 0.17829719448778858 0.371698113208 20.0
2016-07-30 00:00:00 0.0 1.050018802484272 11.1509433962
2016-07-30 00:00:00 23.61111111111111 17.22222222222222 0.17500313374737866 0.371698113208 20.0
0.17500313374737866 0.371698113208
2016-07-30 00:00:00 22.975793111141215 22.63073962926498 22.538953472572302 0.17500313374737866 0.371698113208 20.0
2016-07-31 00:00:00 0.01999511999999999 1.0483927285033825 11.1509433962
2016-07-31 00:00:00 20.0 8.88888888888889 0.1747321214172304 0.371698113208 20.0
0.1747321214172304 0.371698113208
2016-07-31 00:00:00 20.17164425060679 20.651909351924758 20.767114323703836 0.1747321214172304 0.371698113208 20.0
2016-08-01 00:00:00 0.07004395 1.100349017822192 11.1509433962
2016-08-01 00:00:00 22.5 8.333333333333332 0.18339150297036533 0.371698113208 20.0
0.18339150297036533 0.371698113208
2016-08-01 00:00:00 21.103839212363994 20.894875967747566 20.855500009003677 0.18339150297036533 0.371698113208 20.0
2016-08-02 00:00:00 0.05002440999999999 1.1154913397591144 11.1509433962
2016-08-02 00:00:00 22.5 12.777777777777779 0.18591522329318574 0.371698113208 20.0
0.18591522329318574 0.371698113208
2016-08-02 00:00:00 21.85240278788949 21.639910115731098 21.57503226505881 0.18591522329318574 0.371698113208 20.0
2016-08-03 00:00:00 0.0 1.0838940222613345 11.1509433962
2016-08-03 00:00:00 22.5 13.88888888888889 0.1806490037102224 0.371698113208 20.0
0.1806490037102224 0.371698113208
2016-08-03 00:00:00 21.824558070364617 21.652512364602387 21.603192852166003 0.1806490037102224 0.371698113208 20.0
2016-08-04 00:00:00 0.0 1.0591129624427411 11.1509433962
2016-08-04 00:00:00 22.77777777777778 11.111111111111114 0.17651882707379019 0.371698113208 20.0
0.17651882707379019 0.371698113208
2016-08-04 00:00:00 21.848604588528787 21.649596728269913 21.603233256472635 0.17651882707379019 0.371698113208 20.0
2016-08-05 00:00:00 0.0 1.033250306573519 11.1509433962
2016-08-05 00:00:00 25.0 12.222222222222225 0.17220838442891984 0.371698113208 20.0
0.17220838442891984 0.371698113208
2016-08-05 00:00:00 23.693831597081044 23.023784759101716 22.85960181606103 0.17220838442891984 0.371698113208 20.0
2016-08-06 00:00:00 0.09995117 1.107359738214978 11.1509433962
2016-08-06 00:00:00 26.38888888888889 10.555555555555557 0.184559956369163 0.371698113208 20.0
0.184559956369163 0.371698113208
2016-08-06 00:00:00 25.263253656881318 24.448097211018222 24.245308008283587 0.184559956369163 0.371698113208 20.0
2016-08-07 00:00:00 0.0 1.0697880641373008 11.1509433962
2016-08-07 00:00:00 20.27777777777778 17.22222222222222 0.17829801068955012 0.371698113208 20.0
0.17829801068955012 0.371698113208
2016-08-07 00:00:00 22.29221540113508 22.74730115560527 22.809704555378204 0.17829801068955012 0.371698113208 20.0
2016-08-08 00:00:00 0.0 1.0479951136475678 11.1509433962
2016-08-08 00:00:00 19.166666666666668 19.444444444444443 0.17466585227459464 0.371698113208 20.0
0.17466585227459464 0.371698113208
2016-08-08 00:00:00 19.60535994758405 20.1834258382587 20.313696708155234 0.17466585227459464 0.371698113208 20.0
2016-08-09 00:00:00 0.0 1.022411654393642 11.1509433962
2016-08-09 00:00:00 20.27777777777778 19.444444444444443 0.17040194239894033 0.371698113208 20.0
0.17040194239894033 0.371698113208
2016-08-09 00:00:00 19.335537663378204 19.559411601082488 19.622562469801153 0.17040194239894033 0.371698113208 20.0
2016-08-10 00:00:00 1.65 2.23018867925 11.1509433962
2016-08-10 00:00:00 23.055555555555557 18.333333333333332 0.371698113208 0.371698113208 20.0
0.371698113208 0.371698113208
2016-08-10 00:00:00 20.770788822064844 20.486626938418283 20.43761383158261 0.371698113208 0.371698113208 20.0
2016-08-11 00:00:00 0.0 2.1137976984651585 11.1509433962
2016-08-11 00:00:00 26.66666666666667 14.444444444444446 0.3522996164108598 0.371698113208 20.0
0.3522996164108598 0.371698113208
2016-08-11 00:00:00 23.652814115747077 22.83519268884902 22.644445797091223 0.3522996164108598 0.371698113208 20.0
2016-08-12 00:00:00 0.0 2.0209603051813145 11.1509433962
2016-08-12 00:00:00 28.055555555555557 12.777777777777775 0.3368267175302191 0.371698113208 20.0
0.3368267175302191 0.371698113208
2016-08-12 00:00:00 26.005297862009385 25.064190184796814 24.82586074221598 0.3368267175302191 0.371698113208 20.0
2016-08-13 00:00:00 0.0 1.8916907499702473 11.1509433962
2016-08-13 00:00:00 27.77777777777778 12.222222222222225 0.3152817916617079 0.371698113208 20.0
0.3152817916617079 0.371698113208
2016-08-13 00:00:00 27.037231193745697 26.242632125433374 26.03008658419205 0.3152817916617079 0.371698113208 20.0
2016-08-14 00:00:00 0.22006836 2.0143999146186466 11.1509433962
2016-08-14 00:00:00 28.055555555555557 13.88888888888889 0.3357333191031078 0.371698113208 20.0
0.3357333191031078 0.371698113208
2016-08-14 00:00:00 27.747441033540838 26.991235383489112 26.786195999017735 0.3357333191031078 0.371698113208 20.0
2016-08-15 00:00:00 0.0 1.8930107192956562 11.1509433962
2016-08-15 00:00:00 23.611111111111114 10.555555555555554 0.315501786549276 0.371698113208 20.0
0.315501786549276 0.371698113208
2016-08-15 00:00:00 25.403991729649263 25.44782152330086 25.436454918216484 0.315501786549276 0.371698113208 20.0
2016-08-16 00:00:00 0.0 1.7757596509420033 11.1509433962
2016-08-16 00:00:00 22.5 7.222222222222221 0.2959599418236672 0.371698113208 20.0
0.2959599418236672 0.371698113208
2016-08-16 00:00:00 23.58762382032117 23.751982761979008 23.787783056790047 0.2959599418236672 0.371698113208 20.0
2016-08-17 00:00:00 0.38999023 2.0153765134028365 11.1509433962
2016-08-17 00:00:00 24.72222222222222 13.88888888888889 0.3358960855671394 0.371698113208 20.0
0.3358960855671394 0.371698113208
2016-08-17 00:00:00 24.60448896454497 24.27801596816991 24.189878142675497 0.3358960855671394 0.371698113208 20.0
2016-08-18 00:00:00 0.0 1.8774893037489822 11.1509433962
2016-08-18 00:00:00 21.944444444444446 12.777777777777779 0.3129148839581637 0.371698113208 20.0
0.3129148839581637 0.371698113208
2016-08-18 00:00:00 23.099793042161878 23.283578462648222 23.316597445957825 0.3129148839581637 0.371698113208 20.0
2016-08-19 00:00:00 0.0 1.810296272437947 11.1509433962
2016-08-19 00:00:00 21.944444444444446 15.000000000000002 0.3017160454063245 0.371698113208 20.0
0.3017160454063245 0.371698113208
2016-08-19 00:00:00 22.431649276532966 22.541255351113335 22.56275524411015 0.3017160454063245 0.371698113208 20.0
2016-08-20 00:00:00 0.0 1.7086806732238538 11.1509433962
2016-08-20 00:00:00 23.333333333333336 16.666666666666668 0.28478011220397564 0.371698113208 20.0
0.28478011220397564 0.371698113208
2016-08-20 00:00:00 22.962749517825472 22.79503437989314 22.753296223902254 0.28478011220397564 0.371698113208 20.0
2016-08-21 00:00:00 0.0 1.573095486710359 11.1509433962
2016-08-21 00:00:00 25.27777777777778 12.777777777777779 0.26218258111839315 0.371698113208 20.0
0.26218258111839315 0.371698113208
2016-08-21 00:00:00 24.203554451978306 23.72754314327473 23.61850054767973 0.26218258111839315 0.371698113208 20.0
2016-08-22 00:00:00 0.7100586 2.173506978559611 11.1509433962
2016-08-22 00:00:00 19.72222222222222 12.777777777777777 0.3622511630932685 0.371698113208 20.0
0.3622511630932685 0.371698113208
2016-08-22 00:00:00 21.702085062229628 22.181553510936084 22.281438977165777 0.3622511630932685 0.371698113208 20.0
2016-08-23 00:00:00 0.0 2.083072114396212 11.1509433962
2016-08-23 00:00:00 15.277777777777779 15.0 0.347178685732702 0.371698113208 20.0
0.347178685732702 0.371698113208
2016-08-23 00:00:00 17.731200276277164 18.827838330968632 19.08668200966713 0.347178685732702 0.371698113208 20.0
2016-08-24 00:00:00 0.0 1.9508079026223397 11.1509433962
2016-08-24 00:00:00 19.72222222222222 17.222222222222225 0.32513465043705664 0.371698113208 20.0
0.32513465043705664 0.371698113208
2016-08-24 00:00:00 18.298580501796806 18.509451275071 18.58129838990277 0.32513465043705664 0.371698113208 20.0
2016-08-25 00:00:00 0.0 1.7822321836234307 11.1509433962
2016-08-25 00:00:00 21.944444444444443 16.11111111111111 0.2970386972705718 0.371698113208 20.0
0.2970386972705718 0.371698113208
2016-08-25 00:00:00 19.97802439331157 19.80909934396361 19.780762072832744 0.2970386972705718 0.371698113208 20.0
2016-08-26 00:00:00 0.2400879 1.8863652541337323 11.1509433962
2016-08-26 00:00:00 24.444444444444443 11.11111111111111 0.3143942090222887 0.371698113208 20.0
0.3143942090222887 0.371698113208
2016-08-26 00:00:00 21.945066312504565 21.432391084577546 21.32153872783161 0.3143942090222887 0.371698113208 20.0
2016-08-27 00:00:00 0.0 1.7680729820428205 11.1509433962
2016-08-27 00:00:00 22.22222222222222 15.555555555555555 0.2946788303404701 0.371698113208 20.0
0.2946788303404701 0.371698113208
2016-08-27 00:00:00 22.071069454683652 21.96596392758002 21.920365391764335 0.2946788303404701 0.371698113208 20.0
2016-08-28 00:00:00 0.0 1.620914771971736 11.1509433962
2016-08-28 00:00:00 23.611111111111114 15.000000000000004 0.27015246199528936 0.371698113208 20.0
0.27015246199528936 0.371698113208
2016-08-28 00:00:00 22.47501663083159 22.158803823525787 22.081528032536852 0.27015246199528936 0.371698113208 20.0
2016-08-29 00:00:00 0.030004879999999984 1.5856910019866401 11.1509433962
2016-08-29 00:00:00 25.555555555555557 14.444444444444443 0.26428183366444 0.371698113208 20.0
0.26428183366444 0.371698113208
2016-08-29 00:00:00 24.093037354247826 23.466627858666243 23.312879844144675 0.26428183366444 0.371698113208 20.0
2016-08-30 00:00:00 0.0 1.5138474579791947 11.1509433962
2016-08-30 00:00:00 18.88888888888889 17.77777777777778 0.2523079096631991 0.371698113208 20.0
0.2523079096631991 0.371698113208
2016-08-30 00:00:00 20.90417553354645 21.52488693611633 21.642640867645355 0.2523079096631991 0.371698113208 20.0
2016-08-31 00:00:00 0.0 1.4436064068138024 11.1509433962
2016-08-31 00:00:00 20.27777777777778 17.22222222222222 0.2406010678023004 0.371698113208 20.0
0.2406010678023004 0.371698113208
2016-08-31 00:00:00 19.75454324879641 20.021361061591477 20.09448778732839 0.2406010678023004 0.371698113208 20.0
2016-09-01 00:00:00 0.0 1.3674801760858675 11.1509433962
2016-09-01 00:00:00 20.0 12.222222222222221 0.22791336268097792 0.371698113208 20.0
0.22791336268097792 0.371698113208
2016-09-01 00:00:00 19.151376459509606 19.44075558811177 19.523397690756298 0.22791336268097792 0.371698113208 20.0
2016-09-02 00:00:00 0.0 1.2911397660361559 11.1509433962
2016-09-02 00:00:00 16.944444444444446 15.000000000000002 0.21518996100602597 0.371698113208 20.0
0.21518996100602597 0.371698113208
2016-09-02 00:00:00 17.20767042441318 17.995493882167665 18.177457376878607 0.21518996100602597 0.371698113208 20.0
2016-09-03 00:00:00 0.0 1.2286729800626213 11.1509433962
2016-09-03 00:00:00 16.38888888888889 18.333333333333336 0.20477883001043687 0.371698113208 20.0
0.20477883001043687 0.371698113208
2016-09-03 00:00:00 15.672913075782134 16.460927816792577 16.655203047537384 0.20477883001043687 0.371698113208 20.0
2016-09-04 00:00:00 0.0 1.1755823353138022 11.1509433962
2016-09-04 00:00:00 17.22222222222222 17.77777777777778 0.19593038921896702 0.371698113208 20.0
0.19593038921896702 0.371698113208
2016-09-04 00:00:00 15.332885460290427 15.883011386567432 16.034458849491187 0.19593038921896702 0.371698113208 20.0
2016-09-05 00:00:00 0.0 1.1298666684452665 11.1509433962
2016-09-05 00:00:00 18.88888888888889 20.0 0.18831111140754442 0.371698113208 20.0
0.18831111140754442 0.371698113208
2016-09-05 00:00:00 16.492253998946495 16.637338015467122 16.685760551330134 0.18831111140754442 0.371698113208 20.0
2016-09-06 00:00:00 0.0 1.100756577019398 11.1509433962
2016-09-06 00:00:00 19.72222222222222 21.666666666666668 0.18345942950323302 0.371698113208 20.0
0.18345942950323302 0.371698113208
2016-09-06 00:00:00 17.454176071058612 17.460052869588992 17.467878632908153 0.18345942950323302 0.371698113208 20.0
2016-09-07 00:00:00 0.0 1.081131508188917 11.1509433962
2016-09-07 00:00:00 20.27777777777778 19.444444444444443 0.18018858469815283 0.371698113208 20.0
0.18018858469815283 0.371698113208
2016-09-07 00:00:00 17.983731005234176 17.940858519501475 17.94119844221494 0.18018858469815283 0.371698113208 20.0
2016-09-08 00:00:00 0.0899414 1.1517147971336383 11.1509433962
2016-09-08 00:00:00 23.055555555555557 20.555555555555557 0.1919524661889397 0.371698113208 20.0
0.1919524661889397 0.371698113208
2016-09-08 00:00:00 20.312923035321788 19.720862422551107 19.58631364936612 0.1919524661889397 0.371698113208 20.0
2016-09-09 00:00:00 0.5899414000000001 1.717578663510354 11.1509433962
2016-09-09 00:00:00 26.388888888888893 13.88888888888889 0.286263110585059 0.371698113208 20.0
0.286263110585059 0.371698113208
2016-09-09 00:00:00 22.81015176501228 21.86863942729181 21.656446255974885 0.286263110585059 0.371698113208 20.0
2016-09-10 00:00:00 0.0 1.6119187847636751 11.1509433962
2016-09-10 00:00:00 23.333333333333336 10.0 0.26865313079394587 0.371698113208 20.0
0.26865313079394587 0.371698113208
2016-09-10 00:00:00 22.56462102216284 22.280089953393258 22.19499079418901 0.26865313079394587 0.371698113208 20.0
2016-09-11 00:00:00 0.11997069999999999 1.6365893032646768 11.1509433962
2016-09-11 00:00:00 23.055555555555557 16.111111111111114 0.27276488387744613 0.371698113208 20.0
0.27276488387744613 0.371698113208
2016-09-11 00:00:00 22.541224568123482 22.269959936415148 22.183212907618625 0.27276488387744613 0.371698113208 20.0
2016-09-12 00:00:00 0.0 1.577429060009075 11.1509433962
2016-09-12 00:00:00 15.0 15.555555555555557 0.2629048433348458 0.371698113208 20.0
0.2629048433348458 0.371698113208
2016-09-12 00:00:00 17.198152671566987 18.401543889562518 18.669008039244844 0.2629048433348458 0.371698113208 20.0
2016-09-13 00:00:00 0.0 1.4921318273672246 11.1509433962
2016-09-13 00:00:00 17.22222222222222 17.77777777777778 0.24868863789453743 0.371698113208 20.0
0.24868863789453743 0.371698113208
2016-09-13 00:00:00 16.032576399376126 16.618231192516618 16.77480220219772 0.24868863789453743 0.371698113208 20.0
2016-09-14 00:00:00 0.0 1.4228767997253933 11.1509433962
2016-09-14 00:00:00 21.38888888888889 18.333333333333336 0.23714613328756554 0.371698113208 20.0
0.23714613328756554 0.371698113208
2016-09-14 00:00:00 18.37801901842161 18.1029542512579 18.05721926838642 0.23714613328756554 0.371698113208 20.0
2016-09-15 00:00:00 0.0 1.3809584175317666 11.1509433962
2016-09-15 00:00:00 15.0 20.0 0.23015973625529443 0.371698113208 20.0
0.23015973625529443 0.371698113208
2016-09-15 00:00:00 15.35744543970813 16.3628998884425 16.586754545047995 0.23015973625529443 0.371698113208 20.0
2016-09-16 00:00:00 0.0 1.3308631230136696 11.1509433962
2016-09-16 00:00:00 13.61111111111111 18.333333333333336 0.22181052050227826 0.371698113208 20.0
0.22181052050227826 0.371698113208
2016-09-16 00:00:00 12.403311567769649 13.57280682998325 13.869518867348866 0.22181052050227826 0.371698113208 20.0
2016-09-17 00:00:00 0.0 1.279260210399091 11.1509433962
2016-09-17 00:00:00 17.22222222222222 18.88888888888889 0.21321003506651517 0.371698113208 20.0
0.21321003506651517 0.371698113208
2016-09-17 00:00:00 13.73988254649025 14.024982047572209 14.124597218836044 0.21321003506651517 0.371698113208 20.0
2016-09-18 00:00:00 1.0796875 2.23018867925 11.1509433962
2016-09-18 00:00:00 19.72222222222222 10.555555555555555 0.371698113208 0.371698113208 20.0
0.371698113208 0.371698113208
2016-09-18 00:00:00 15.457859664897967 15.36649798893788 15.380801774522752 0.371698113208 0.371698113208 20.0
2016-09-19 00:00:00 0.05002440999999999 2.1489435001787776 11.1509433962
2016-09-19 00:00:00 22.22222222222222 11.11111111111111 0.35815725002979626 0.371698113208 20.0
0.35815725002979626 0.371698113208
2016-09-19 00:00:00 18.24169844875101 17.75009718482866 17.636927000108116 0.35815725002979626 0.371698113208 20.0
2016-09-20 00:00:00 0.0 2.022100330847227 11.1509433962
2016-09-20 00:00:00 18.88888888888889 15.555555555555557 0.3370167218078712 0.371698113208 20.0
0.3370167218078712 0.371698113208
2016-09-20 00:00:00 17.65845029559503 17.78242953265105 17.793864700579007 0.3370167218078712 0.371698113208 20.0
2016-09-21 00:00:00 0.0 1.9420299842533701 11.1509433962
2016-09-21 00:00:00 19.722222222222225 22.77777777777778 0.32367166404222836 0.371698113208 20.0
0.32367166404222836 0.371698113208
2016-09-21 00:00:00 17.74478839950008 17.709443886340807 17.691791180373514 0.32367166404222836 0.371698113208 20.0
2016-09-22 00:00:00 0.0 1.863640660005533 11.1509433962
2016-09-22 00:00:00 18.88888888888889 17.77777777777778 0.31060677666758885 0.371698113208 20.0
0.31060677666758885 0.371698113208
2016-09-22 00:00:00 16.85333542033416 17.03552008249227 17.086418629876306 0.31060677666758885 0.371698113208 20.0
2016-09-23 00:00:00 0.0 1.7695712610659236 11.1509433962
2016-09-23 00:00:00 20.555555555555557 18.88888888888889 0.29492854351098724 0.371698113208 20.0
0.29492854351098724 0.371698113208
2016-09-23 00:00:00 17.85568912008378 17.694091263729803 17.658954876361733 0.29492854351098724 0.371698113208 20.0
2016-09-24 00:00:00 0.0 1.705609496890385 11.1509433962
2016-09-24 00:00:00 15.0 21.111111111111114 0.28426824948173085 0.371698113208 20.0
0.28426824948173085 0.371698113208
2016-09-24 00:00:00 14.96097801812499 15.800966805464967 15.98723926336423 0.28426824948173085 0.371698113208 20.0
2016-09-25 00:00:00 0.0 1.6264083984800008 11.1509433962
2016-09-25 00:00:00 10.000000000000002 18.88888888888889 0.2710680664133335 0.371698113208 20.0
0.2710680664133335 0.371698113208
2016-09-25 00:00:00 9.919523043029642 11.586311501001262 11.994024375622168 0.2710680664133335 0.371698113208 20.0
2016-09-26 00:00:00 0.0 1.5609522089767 11.1509433962
2016-09-26 00:00:00 11.666666666666666 16.666666666666668 0.2601587014961167 0.371698113208 20.0
0.2601587014961167 0.371698113208
2016-09-26 00:00:00 8.58027135678519 9.727959780965534 10.041862042481746 0.2601587014961167 0.371698113208 20.0
2016-09-27 00:00:00 0.0 1.5351001660709584 11.1509433962
2016-09-27 00:00:00 14.166666666666668 15.0 0.2558500276784931 0.371698113208 20.0
0.2558500276784931 0.371698113208
2016-09-27 00:00:00 9.701025515759447 10.257706040502498 10.428738675920947 0.2558500276784931 0.371698113208 20.0
2016-09-28 00:00:00 0.0 1.505475151088477 11.1509433962
2016-09-28 00:00:00 14.722222222222221 18.333333333333336 0.2509125251814128 0.371698113208 20.0
0.2509125251814128 0.371698113208
2016-09-28 00:00:00 10.700226097244354 11.119848106403573 11.23519785138717 0.2509125251814128 0.371698113208 20.0
2016-09-29 00:00:00 0.040014649999999985 1.5275465550061806 11.1509433962
2016-09-29 00:00:00 15.555555555555555 16.666666666666668 0.2545910925010301 0.371698113208 20.0
0.2545910925010301 0.371698113208
2016-09-29 00:00:00 11.194742883110969 11.501145864691836 11.596166142883249 0.2545910925010301 0.371698113208 20.0
2016-09-30 00:00:00 0.0 1.4936777071899177 11.1509433962
2016-09-30 00:00:00 13.61111111111111 7.222222222222221 0.24894628453165293 0.371698113208 20.0
0.24894628453165293 0.371698113208
2016-09-30 00:00:00 9.81290785928401 10.553358839755404 10.758290972769387 0.24894628453165293 0.371698113208 20.0
2016-10-01 00:00:00 0.01999511999999999 1.484998496170438 11.1509433962
2016-10-01 00:00:00 13.055555555555555 6.111111111111111 0.24749974936173968 0.371698113208 20.0
0.24749974936173968 0.371698113208
2016-10-01 00:00:00 9.216519296917994 9.948103651721624 10.143920783373545 0.24749974936173968 0.371698113208 20.0
2016-10-02 00:00:00 0.32993163999999997 1.789674692395875 11.1509433962
2016-10-02 00:00:00 15.833333333333334 8.333333333333332 0.2982791153993125 0.371698113208 20.0
0.2982791153993125 0.371698113208
2016-10-02 00:00:00 10.78885831678324 10.919255138688342 10.972889412076185 0.2982791153993125 0.371698113208 20.0
2016-10-03 00:00:00 0.0 1.7078285591692832 11.1509433962
2016-10-03 00:00:00 16.11111111111111 12.222222222222221 0.28463809319488054 0.371698113208 20.0
0.28463809319488054 0.371698113208
2016-10-03 00:00:00 11.790084737258425 11.905623358174424 11.937001414451828 0.28463809319488054 0.371698113208 20.0
2016-10-04 00:00:00 0.0 1.6233181809073287 11.1509433962
2016-10-04 00:00:00 16.11111111111111 11.111111111111112 0.27055303015122145 0.371698113208 20.0
0.27055303015122145 0.371698113208
2016-10-04 00:00:00 11.850694922393828 12.035909309582578 12.090265714173732 0.27055303015122145 0.371698113208 20.0
2016-10-05 00:00:00 0.0 1.5557445170171338 11.1509433962
2016-10-05 00:00:00 12.222222222222221 15.555555555555555 0.25929075283618896 0.371698113208 20.0
0.25929075283618896 0.371698113208
2016-10-05 00:00:00 9.731102769504048 10.61748943900551 10.82210780277596 0.25929075283618896 0.371698113208 20.0
2016-10-06 00:00:00 0.0 1.536276022178611 11.1509433962
2016-10-06 00:00:00 13.88888888888889 17.77777777777778 0.25604600369643515 0.371698113208 20.0
0.25604600369643515 0.371698113208
2016-10-06 00:00:00 9.457584080985228 9.953486068991864 10.091096434125497 0.25604600369643515 0.371698113208 20.0
2016-10-07 00:00:00 0.0 1.5081126738771011 11.1509433962
2016-10-07 00:00:00 15.555555555555557 20.0 0.2513521123128502 0.371698113208 20.0
0.2513521123128502 0.371698113208
2016-10-07 00:00:00 10.60634398371296 10.763759518018873 10.816393850456294 0.2513521123128502 0.371698113208 20.0
2016-10-08 00:00:00 0.030004879999999984 1.5047141946975235 11.1509433962
2016-10-08 00:00:00 16.11111111111111 20.0 0.2507856991162539 0.371698113208 20.0
0.2507856991162539 0.371698113208
2016-10-08 00:00:00 11.337401423309409 11.441496480592406 11.477620659147249 0.2507856991162539 0.371698113208 20.0
2016-10-09 00:00:00 0.0 1.4540481719635965 11.1509433962
2016-10-09 00:00:00 13.88888888888889 11.111111111111112 0.24234136199393275 0.371698113208 20.0
0.24234136199393275 0.371698113208
2016-10-09 00:00:00 9.760650305630406 10.38196463775867 10.55090798590183 0.24234136199393275 0.371698113208 20.0
2016-10-10 00:00:00 0.0 1.4107774926535093 11.1509433962
2016-10-10 00:00:00 8.61111111111111 15.0 0.2351295821089182 0.371698113208 20.0
0.2351295821089182 0.371698113208
2016-10-10 00:00:00 6.246982136930697 7.752286837141298 8.108608504119573 0.2351295821089182 0.371698113208 20.0
2016-10-11 00:00:00 0.0 1.3971582975353118 11.1509433962
2016-10-11 00:00:00 5.833333333333334 15.0 0.2328597162558853 0.371698113208 20.0
0.2328597162558853 0.371698113208
2016-10-11 00:00:00 2.2308875877807566 4.138704550177351 4.620312726239312 0.2328597162558853 0.371698113208 20.0
2016-10-12 00:00:00 0.0 1.3609131928970761 11.1509433962
2016-10-12 00:00:00 10.555555555555555 21.11111111111111 0.22681886548284602 0.371698113208 20.0
0.22681886548284602 0.371698113208
2016-10-12 00:00:00 3.902990616290978 4.611331050024106 4.8223852927868265 0.22681886548284602 0.371698113208 20.0
2016-10-13 00:00:00 0.0 1.3299436642243072 11.1509433962
2016-10-13 00:00:00 15.277777777777779 13.888888888888888 0.22165727737071786 0.371698113208 20.0
0.22165727737071786 0.371698113208
2016-10-13 00:00:00 7.169308358602748 7.02162865485154 7.042704935708315 0.22165727737071786 0.371698113208 20.0
2016-10-14 00:00:00 0.0 1.3033823220792038 11.1509433962
2016-10-14 00:00:00 6.944444444444445 18.333333333333332 0.21723038701320063 0.371698113208 20.0
0.21723038701320063 0.371698113208
2016-10-14 00:00:00 3.7518413697928423 5.357508485831161 5.723624252383324 0.21723038701320063 0.371698113208 20.0
2016-10-15 00:00:00 0.0 1.2861634265818247 11.1509433962
2016-10-15 00:00:00 7.777777777777779 15.555555555555557 0.2143605710969708 0.371698113208 20.0
0.2143605710969708 0.371698113208
2016-10-15 00:00:00 1.6550821813468275 2.9931322245744667 3.3556503694019497 0.2143605710969708 0.371698113208 20.0
2016-10-16 00:00:00 0.0 1.2604923129875123 11.1509433962
2016-10-16 00:00:00 10.833333333333334 20.555555555555554 0.2100820521645854 0.371698113208 20.0
0.2100820521645854 0.371698113208
2016-10-16 00:00:00 3.6125224725901575 4.1464968952821835 4.3069547722474795 0.2100820521645854 0.371698113208 20.0
2016-10-17 00:00:00 0.3099121 1.5496836143817436 11.1509433962
2016-10-17 00:00:00 19.444444444444446 12.222222222222223 0.25828060239695727 0.371698113208 20.0
0.25828060239695727 0.371698113208
2016-10-17 00:00:00 9.300482144342254 8.285175492642395 8.106026324900157 0.25828060239695727 0.371698113208 20.0
2016-10-18 00:00:00 0.0 1.5337701022637102 11.1509433962
2016-10-18 00:00:00 18.88888888888889 8.888888888888891 0.25562835037728504 0.371698113208 20.0
0.25562835037728504 0.371698113208
2016-10-18 00:00:00 12.177590272584737 11.533641955998561 11.378363152037352 0.25562835037728504 0.371698113208 20.0
2016-10-19 00:00:00 0.11997069999999999 1.6456456502485146 11.1509433962
2016-10-19 00:00:00 20.833333333333336 16.11111111111111 0.2742742750414191 0.371698113208 20.0
0.2742742750414191 0.371698113208
2016-10-19 00:00:00 14.820351741026073 13.949474397200333 13.722233644698157 0.2742742750414191 0.371698113208 20.0
2016-10-20 00:00:00 0.0 1.6398207724688822 11.1509433962
2016-10-20 00:00:00 14.166666666666668 12.777777777777779 0.27330346207814704 0.371698113208 20.0
0.27330346207814704 0.371698113208
2016-10-20 00:00:00 11.423574410927877 11.97061665053765 12.082137333703855 0.27330346207814704 0.371698113208 20.0
2016-10-21 00:00:00 3.2300781 2.23018867925 11.1509433962
2016-10-21 00:00:00 14.166666666666668 10.555555555555557 0.371698113208 0.371698113208 20.0
0.371698113208 0.371698113208
2016-10-21 00:00:00 9.967957893115823 10.369543032925137 10.479830390924867 0.371698113208 0.371698113208 20.0
2016-10-22 00:00:00 0.32993163999999997 2.23018867925 11.1509433962
2016-10-22 00:00:00 8.61111111111111 8.333333333333334 0.371698113208 0.371698113208 20.0
0.371698113208 0.371698113208
2016-10-22 00:00:00 6.427163932024271 7.654840669299958 7.955431733386732 0.371698113208 0.371698113208 20.0
2016-10-23 00:00:00 0.2798828 2.23018867925 11.1509433962
2016-10-23 00:00:00 6.111111111111112 4.444444444444445 0.371698113208 0.371698113208 20.0
0.371698113208 0.371698113208
2016-10-23 00:00:00 2.9290026643527867 4.41762579823407 4.803821956913012 0.371698113208 0.371698113208 20.0
2016-10-24 00:00:00 0.0 2.2075954529614945 11.1509433962
2016-10-24 00:00:00 9.444444444444445 7.777777777777779 0.36793257549358244 0.371698113208 20.0
0.36793257549358244 0.371698113208
2016-10-24 00:00:00 3.442484197492938 4.189614713637582 4.40288071874221 0.36793257549358244 0.371698113208 20.0
2016-10-25 00:00:00 0.0 2.1992449558498164 11.1509433962
2016-10-25 00:00:00 6.388888888888889 7.222222222222222 0.3665408259749694 0.371698113208 20.0
0.3665408259749694 0.371698113208
2016-10-25 00:00:00 1.725678824620985 2.944716277972205 3.2593489389166166 0.3665408259749694 0.371698113208 20.0
2016-10-26 00:00:00 0.0 2.185757733245363 11.1509433962
2016-10-26 00:00:00 4.444444444444445 7.777777777777779 0.3642929555408938 0.371698113208 20.0
0.3642929555408938 0.371698113208
2016-10-26 00:00:00 -0.5098106796399904 0.925838335185162 1.2995101948046681 0.3642929555408938 0.371698113208 20.0
2016-10-27 00:00:00 0.0899414 2.23018867925 11.1509433962
2016-10-27 00:00:00 2.2222222222222223 7.777777777777779 0.371698113208 0.371698113208 20.0
0.371698113208 0.371698113208
2016-10-27 00:00:00 -2.9863867289783883 -1.3242991251518816 -0.8898064358037345 0.371698113208 0.371698113208 20.0
2016-10-28 00:00:00 0.2100586 2.23018867925 11.1509433962
2016-10-28 00:00:00 3.6111111111111116 9.444444444444445 0.371698113208 0.371698113208 20.0
0.371698113208 0.371698113208
2016-10-28 00:00:00 -3.504347135904375 -2.2187808097678214 -1.8665903891169933 0.371698113208 0.371698113208 20.0